x,y
1.15840734641021,0.898745247558124
2.75840734641021,0.575417728287333
2.55840734641021,0.516908640680127
-1.94159265358979,-0.772498337757225
0.758407346410207,0.582404746034062
0.0584073464102071,0.177729470715921
-1.84159265358979,-1.04018395281125
-0.141592653589793,-0.138174300736686
0.558407346410207,0.56151263114409
-2.94159265358979,-0.330765924777402
0.458407346410207,0.380099574265223
0.858407346410207,0.630985779003917
-2.44159265358979,-0.754103457690301
1.95840734641021,0.948143345478101
-0.741592653589793,-0.804349563971658
-0.041592653589793,-0.049696160503336
0.158407346410207,0.111857549546675
-0.941592653589793,-0.855442778411436
2.95840734641021,0.305733510024179
-2.74159265358979,-0.470864248421272
