x,y
0.158407346410207,0.17955361829043
-3.04159265358979,-0.220625913287072
-2.94159265358979,-0.224459996086896
1.45840734641021,1.01352419970417
3.05840734641021,0.107557169692683
-0.541592653589793,-0.55924172129456
-0.741592653589793,-0.542256386533062
-0.341592653589793,-0.228250230009435
-1.74159265358979,-0.930494722855025
-2.04159265358979,-0.943786591125952
0.258407346410207,0.0944876513293665
-0.941592653589793,-0.956372914303234
2.75840734641021,0.361649625964542
-0.641592653589793,-0.623778672367852
1.65840734641021,0.916731052408084
-0.841592653589793,-0.540822901550804
1.25840734641021,1.13918782170497
-0.041592653589793,0.0366730256356301
0.858407346410207,0.855146875749855
-2.84159265358979,-0.271260464887872
