x,y
-1.64159265358979,-0.93748031777915
2.15840734641021,0.96612640580188
-2.24159265358979,-0.587152791307561
-2.04159265358979,-0.919212279636281
0.858407346410207,0.818005946995398
2.95840734641021,0.46243962960615
-1.74159265358979,-1.00759287705886
1.05840734641021,1.13087603310879
2.45840734641021,0.598605207072285
-3.04159265358979,-0.234257141468451
2.75840734641021,0.383447880454405
-0.241592653589793,-0.214116411806593
1.75840734641021,1.0539797146887
0.758407346410207,0.84241339400294
-0.741592653589793,-0.818500958142294
-0.441592653589793,-0.442757826225456
-2.64159265358979,-0.585884755546031
2.25840734641021,0.857201204269099
1.25840734641021,0.909587692862603
1.95840734641021,1.0830539976786
