x,y
-0.141592653589793,-0.0711918859849103
-1.64159265358979,-0.963674814772206
2.85840734641021,0.230609380766729
2.75840734641021,0.274058365824394
2.65840734641021,0.446942839247978
1.45840734641021,1.17274047096801
-2.74159265358979,-0.483796679532205
2.95840734641021,0.203556045045348
-1.24159265358979,-0.932526181454073
-0.741592653589793,-0.783683009478957
2.15840734641021,0.69619163055103
-0.241592653589793,-0.140859346089622
0.458407346410207,0.355161442819467
0.658407346410207,0.680054853216567
0.0584073464102071,-0.0834459336892116
3.05840734641021,0.10912698330793
-0.641592653589793,-0.710496672465599
0.758407346410207,0.693098015725818
-1.94159265358979,-1.07442578746961
-1.44159265358979,-0.886155094711501
