x,y
0.358407346410207,0.433092672536169
-1.44159265358979,-1.29929433815244
1.85840734641021,1.12084798275101
0.658407346410207,0.629905938498815
-2.04159265358979,-0.908729187037506
-2.24159265358979,-0.929256698684565
-0.941592653589793,-0.850198977525128
2.55840734641021,0.590659672632182
0.458407346410207,0.528654844839977
1.95840734641021,0.853364991084302
2.85840734641021,0.290815716487138
-1.04159265358979,-0.933992671143164
-3.14159265358979,-0.0944461099653216
-3.04159265358979,0.0546516242699086
2.95840734641021,0.0802252593009339
-0.141592653589793,-0.0532660656251
1.75840734641021,1.00703742472533
-2.84159265358979,-0.43094488051909
2.25840734641021,0.754391735766212
1.05840734641021,0.903434228919734
