x,y
-0.741592653589793,-0.759927507065559
0.858407346410207,0.688713867489839
-0.241592653589793,-0.397884655050642
-2.74159265358979,-0.333436673891514
-1.54159265358979,-0.898745058473051
2.35840734641021,0.669467860449048
0.658407346410207,0.62887975753171
0.958407346410207,0.716245582003461
-1.64159265358979,-0.915059310529344
2.65840734641021,0.423119107026218
-0.541592653589793,-0.564660511214378
2.25840734641021,0.734960928114051
-1.84159265358979,-1.0823785918385
-1.94159265358979,-0.923597458577819
-0.841592653589793,-0.695401556051455
0.158407346410207,0.0742217593237477
1.45840734641021,0.677985921831415
-1.34159265358979,-0.995956691689149
-2.34159265358979,-0.780187502987714
2.55840734641021,0.494832920286558
