x,y
-0.241592653589793,-0.398043648799015
1.95840734641021,1.07086374662764
0.158407346410207,0.0191935124484742
-2.14159265358979,-0.726478867749743
0.258407346410207,0.415095026393496
-1.14159265358979,-0.893066496241598
0.858407346410207,0.751735788784253
2.45840734641021,0.558203577671638
0.0584073464102071,0.169263138314611
-3.04159265358979,-0.0348951653209929
-1.24159265358979,-0.956117273156152
0.758407346410207,0.805185935575687
2.35840734641021,0.685812011339934
-2.34159265358979,-0.628081402006044
2.95840734641021,0.345077080808671
2.85840734641021,0.401560220546062
-1.54159265358979,-1.15062512783202
-0.041592653589793,0.0225437929644517
-2.84159265358979,-0.384925557594861
1.85840734641021,0.952910916995029
