x,y
-0.641592653589793,-0.662082506660162
0.558407346410207,0.537289688690763
-1.34159265358979,-0.965562710076721
0.658407346410207,0.56120716723489
1.35840734641021,0.996060811248634
0.758407346410207,0.662907341135718
1.15840734641021,0.698481161307587
1.95840734641021,0.828164353068349
-2.14159265358979,-0.856141294380477
1.45840734641021,1.00312885403267
-1.84159265358979,-0.8896908583762
0.258407346410207,0.25772869361924
1.55840734641021,0.833347733033866
0.158407346410207,0.119962783900247
-0.541592653589793,-0.656134936901531
-1.44159265358979,-0.943835102756473
1.75840734641021,0.931698455174092
-3.04159265358979,-0.122997525342087
-0.041592653589793,0.193191015585368
0.458407346410207,0.520705570548883
