x,y
0.158407346410207,0.180378737995949
0.358407346410207,0.318029154000942
3.05840734641021,0.140413849416217
-2.94159265358979,-0.170367721084794
-2.84159265358979,-0.281320023971062
-1.84159265358979,-1.00760973769997
0.658407346410207,0.60720761592148
-3.04159265358979,-0.178690355882083
0.558407346410207,0.558497579618857
1.45840734641021,1.02023195164269
2.95840734641021,0.15947011202142
-0.441592653589793,-0.603845482390573
-1.54159265358979,-1.19283992661946
-1.74159265358979,-0.888770900527669
-0.541592653589793,-0.360172204166885
-0.041592653589793,0.147597177781257
0.858407346410207,0.656046558079253
2.05840734641021,0.832094577561003
-2.64159265358979,-0.452041902396566
-0.341592653589793,-0.197534493986571
