x,y
1.15840734641021,1.04525561748191
-0.841592653589793,-0.765341176591755
-0.541592653589793,-0.549135911419349
-2.44159265358979,-0.51704552685974
-1.24159265358979,-0.894638983204734
-0.241592653589793,-0.0595361351319333
-2.14159265358979,-0.994651766201697
-2.74159265358979,-0.381084819871783
-2.34159265358979,-0.821272621552412
-1.64159265358979,-0.972975134494138
0.758407346410207,0.542071498174268
2.05840734641021,0.859007059700269
-2.64159265358979,-0.542866058427744
1.95840734641021,0.792661824288422
-0.041592653589793,-0.0920465963688443
-3.04159265358979,-0.248759419533221
-1.34159265358979,-1.17625784461844
0.0584073464102071,-0.0748217866883363
0.158407346410207,0.198284499340224
1.55840734641021,1.08046343199192
