x,y
679,270.501265431915
692,237.276523824286
299,130.27877912504
450,162.368409396486
605,244.895468478817
699,289.46537578861
488,193.007142557932
513,192.802157507156
174,179.044303640894
238,174.078322175944
37,318.210745777399
272,137.322206726849
652,259.984583949314
440,104.855647038416
74,315.132688096863
278,143.136678077544
462,176.158150371816
111,290.088631563676
110,292.168575579128
678,232.851947002461
421,175.100469935935
136,270.323337258252
354,135.150044931466
267,136.824666908155
262,115.573431446066
120,249.543955434464
191,204.320967394892
456,166.75694523917
628,220.628542257298
66,384.177087369705
405,146.749518512525
711,288.096731428231
293,148.681720727001
748,311.802619305823
156,207.901869894135
709,246.219949493282
690,313.812413300291
5,44.1665222543514
192,222.742920259681
325,127.062335974282
415,160.147703649121
523,197.97458707309
217,144.971468890749
391,170.639281448781
491,202.32298767656
524,199.392233457854
181,214.872918701178
29,251.412432599739
660,233.826349018845
496,185.375113141826
