x,y
639,270.853477482769
46,369.297670914105
626,211.055972594867
333,193.54564835989
232,104.725536015511
215,148.732240118211
342,170.210282515124
607,214.350215695586
78,318.121982456831
339,178.860901049582
720,289.305827717444
302,174.699039902847
173,199.03881215905
742,277.286222851722
224,180.790046790045
117,274.867591104878
47,337.797159170473
540,168.151375956308
364,109.16791514796
148,217.609578447004
392,147.03037687484
165,181.508937438343
315,166.077409142258
710,260.917267223666
691,230.61509522281
521,240.91698828613
589,214.870925742101
415,156.980165186024
233,158.256183809955
289,114.109086464557
450,190.350331042076
481,188.588146997466
116,276.503881846042
350,155.542851908948
605,243.983351207492
558,219.543025271496
402,176.475992660951
204,189.252317092001
552,216.828239845025
320,141.677316423481
472,169.938945549899
86,362.506822131905
444,232.500994840662
346,134.909597060859
466,192.453112510144
384,180.022199434722
280,155.363370430887
283,152.782212498434
187,178.209588766544
373,140.20145119532
