x,y
599,263.386446254985
185,156.401186437947
444,187.184703552832
197,177.787875317344
139,202.480209113301
76,376.599015443492
141,230.6587172845
512,192.770568272045
147,255.106174041027
186,165.949704448009
307,126.07514983421
217,163.458273584027
728,299.05393682624
458,179.523210714554
515,165.171428738443
604,256.769908190685
484,213.245837545866
390,138.116414352789
693,259.025514784796
355,149.824551448767
463,151.403480516754
150,224.228270726929
68,346.04727369297
317,174.427613456886
35,298.750973432455
342,151.87917543984
119,267.330913789149
306,120.131450396871
176,210.047512302222
16,108.416136326426
229,145.268217595514
631,225.125213703419
398,137.224183481434
267,133.70818060838
695,263.004830079991
281,157.410673386219
199,151.864007124583
381,170.903086143679
614,271.912318480287
558,208.51674445734
635,215.857176890025
40,333.566846308152
442,171.273552101292
360,144.007896563029
192,191.587583044669
372,138.24752643395
272,107.173092470569
374,164.086768898531
178,171.801791079381
585,223.22151954677
