x,y
186,225.142496148135
80,338.74031005021
704,246.019588926268
612,237.884634195136
130,273.110864758657
157,207.25563494066
663,282.375547440392
529,196.177647507666
154,228.743364768033
269,144.676927910866
78,317.62415068659
488,215.532841298565
293,122.065046584854
239,159.598344202743
487,209.830469569442
575,212.591726814077
351,189.303147419927
587,232.038453187237
289,134.904994579746
258,143.982452074358
555,189.632314897637
147,228.434466412794
688,309.690728925377
468,206.904970828838
338,126.178928920012
30,255.495321063768
414,171.945745067606
531,237.771881088905
701,282.08154526324
547,226.43032992516
422,156.556006439125
629,247.916624427839
315,149.752169480593
112,305.793873815047
82,342.749251513296
29,224.662685119219
88,314.242728889999
510,176.656661646573
542,224.198735940333
69,373.728735810359
249,157.949839858996
528,187.589312516839
670,269.125108707137
647,201.226622924715
398,180.299708289135
93,366.538658365495
379,151.395387172379
537,205.911834412989
462,194.580471367622
342,124.783880312596
