x,y
214,191.527858313844
22,217.788549758614
427,185.451785016069
50,344.761967796152
661,255.62728825067
635,237.733736179826
226,167.852003163325
310,148.993356345907
33,276.535928286284
637,230.926766156554
453,185.07147089529
547,241.892199732711
697,252.361536376218
442,187.93374193262
99,312.035898750193
128,273.663632292389
623,202.746299953413
127,241.285957904266
466,192.866066134486
14,109.195435296773
474,198.561251767579
88,314.963924214818
483,145.573453363639
98,316.881262213657
21,168.384675406308
670,266.012907034495
525,206.15286629356
523,214.147830933122
11,113.308228799472
191,185.481149226011
729,285.842571531486
13,76.2709319974111
417,130.772217047457
603,206.333317948447
393,154.493851975918
624,234.373001593958
250,143.699483225861
356,140.5886810838
87,300.056451774394
47,343.180332248077
9,68.2316602887871
515,205.518256918191
149,219.755458954817
357,149.266710277328
712,248.576715377241
423,146.683811158442
462,168.601911120338
236,167.47422346525
97,315.976399729918
411,173.961268236485
