x,y
647,241.219850295173
393,188.232754450458
169,191.433172044773
153,218.727417155643
349,112.344454863236
709,274.196156248807
730,300.899703852809
396,182.976660712368
106,308.898290430998
270,161.809344403865
330,143.140443630996
668,275.051262884991
733,306.608161096235
257,156.443603772305
531,217.675983610813
267,118.02519652677
47,314.510688865394
717,287.900456355863
85,345.319693124778
602,217.56856072025
248,139.467590458484
56,402.383860481618
613,232.954441185688
446,165.80172078735
226,138.500602167188
451,158.605180162493
121,266.638545104871
402,177.669014215045
502,199.263249074714
187,177.331201284592
524,197.771498296077
590,239.344073628426
671,237.753862897972
173,227.82894280215
58,383.062029808056
163,219.522345612867
340,136.810381822758
117,273.060216550411
414,162.42232601333
606,233.292237616638
484,198.965599346252
566,233.24596092447
447,206.025248731614
496,194.232822470402
194,196.41914945116
560,215.32099830724
327,123.531057270273
550,228.543159999675
130,239.509078991422
23,180.657408775578
