x,y
562,207.776333760722
557,226.393793961274
653,283.677293926366
400,163.817660584476
63,360.730895327566
582,263.850593390356
159,221.67811269363
698,294.844597282403
410,169.347865638407
394,184.590217296168
317,134.350081216334
457,186.364542258958
486,207.112432982172
727,234.804069065588
531,196.485382384088
259,154.716654659777
455,176.698860402586
686,257.365209392017
466,182.398595954847
381,183.852470504978
287,160.732505124978
587,233.662986861695
564,230.510912596273
143,268.940960055962
661,235.804797566098
645,267.999015668476
126,260.289724718875
252,142.892466912543
713,270.745154198962
7,56.0009792645962
525,175.956429572577
245,181.290273886998
434,157.254598659033
1,-4.95058208462353
206,187.386347153672
132,268.724245964084
658,257.519249674966
628,241.26734358451
747,277.696118722305
566,204.814432639117
724,287.374026808034
353,143.786154003422
379,162.631691404459
213,160.997272122439
430,161.640866303954
289,171.004173590565
644,252.348251885796
111,294.792041817086
311,150.401769379713
458,179.416528256553
