x,y
201,147.274872532206
711,269.36028415856
3,10.9984152428307
227,184.143277065086
179,161.302731884106
307,135.778603849122
449,166.947788834899
312,138.408120676508
64,334.244807841999
726,278.521424586083
717,235.997001254705
208,163.947292669817
212,114.441893277825
377,151.468984772333
283,129.985356550363
29,277.437776458684
497,206.689286703155
535,212.123400899715
472,186.220757157933
21,195.198174301801
233,137.516111547879
360,125.994095704088
537,229.313523888493
163,196.527911278941
548,212.165501326791
149,221.158895509503
702,256.661712360204
409,152.171576450059
317,145.672635986215
183,171.313300722028
95,309.936807596151
333,114.580039681794
114,288.025153628062
43,337.859528911738
493,162.638093523604
712,251.772214699281
13,104.398230504597
84,344.635622276867
136,231.940565744407
98,311.511744881481
202,121.223290796982
594,214.195485569236
716,254.147422293801
688,237.687438412366
678,254.110734752875
616,207.063604890405
6,36.8196657472749
167,174.392022078931
192,169.910807338507
88,338.267964322806
