x,y
58,316.753400648529
153,225.751817117477
12,123.255012770356
196,181.779919161121
484,170.808965948149
223,149.248257340021
722,262.262823800821
19,159.315041384537
707,290.397236093941
366,156.340341933533
498,197.746472064325
460,175.791207413441
144,247.609430445505
495,139.612477675071
421,158.315138964141
291,119.085963007519
470,143.732144979504
357,138.307156014765
373,155.951565078134
334,160.996654666313
342,118.321747960306
272,134.974238603861
63,355.103148170092
336,126.332655203275
440,153.262423743972
405,159.00910036953
536,162.26571953834
1,-13.1264382909303
615,222.863082416271
596,247.043650075
631,240.588593308975
505,194.683652285636
162,172.219552369655
653,247.364150168353
213,169.409366484637
501,199.370661269218
691,244.04617991842
717,251.483324804004
105,297.375147635586
321,197.361718460846
333,205.576672374392
84,332.848332848722
576,199.397325910128
360,95.4932015873183
734,245.071511606471
226,165.002686532798
415,121.015781446781
243,177.202087017383
419,190.739204425648
563,265.117824218047
