x,y
693,235.020609177826
733,272.728970882238
39,312.438500954686
476,158.520648225047
555,212.270212750584
403,150.135790760925
142,266.301672159467
105,302.346626681412
67,362.466271508977
620,249.94064707326
17,150.300218805901
282,162.675626843231
443,163.53082966569
400,131.931616856813
254,113.745215566084
287,164.938681647047
538,223.43810249788
202,170.521373192113
369,122.865801919487
725,248.911105698102
573,206.854817179233
548,233.507006190811
257,173.942318933174
456,158.96107924622
641,243.374358664509
174,188.253823034813
631,224.750729294251
748,264.977603285929
284,131.444975196577
209,207.908692417539
112,264.498593023565
313,147.087022354062
97,309.681137166315
326,147.416470412548
404,194.949736174817
452,181.07867522769
563,227.270127304577
227,198.198558276056
449,171.420688746159
662,252.487001840036
59,363.326901920323
482,165.605903809962
745,277.607277377167
534,188.00301417623
377,139.03982229741
79,360.626691804682
115,291.278977553202
205,122.85655770579
280,144.234794799853
522,201.436698404258
