x,y
2.75840734641021,0.424931026410673
-2.64159265358979,-0.50991269810267
2.95840734641021,0.815212645740974
-1.44159265358979,-1.70428360131994
-2.54159265358979,-0.52095745385205
1.55840734641021,0.702293720759013
-0.141592653589793,-0.501136813017165
-1.04159265358979,-1.30937714714315
0.658407346410207,0.638334234847861
1.45840734641021,1.40582415608968
0.258407346410207,0.129695466768859
-2.94159265358979,0.0621835150478787
-3.04159265358979,-0.469860744985964
-1.24159265358979,-1.96686753550895
2.35840734641021,1.26741095962199
0.458407346410207,0.0800461044137877
-1.84159265358979,-0.725514689087684
-2.14159265358979,-1.15495665962999
2.25840734641021,0.207321918928029
-1.94159265358979,-0.801074959719616
