x,y
-1.34159265358979,0.182884259383359
1.45840734641021,0.689790521105252
0.758407346410207,1.28012092316079
-2.74159265358979,-0.324183733981012
3.05840734641021,-0.6384184666862
2.15840734641021,1.01091799517258
-1.74159265358979,-0.849302746765633
-0.441592653589793,0.812252821823611
1.05840734641021,1.02303966153285
-2.44159265358979,-1.14727271476549
-2.24159265358979,-1.08828034667754
-0.041592653589793,0.77855319191911
-3.14159265358979,1.03510169648105
0.158407346410207,0.726640338675194
-3.04159265358979,0.130636146381679
0.0584073464102071,0.834700549609653
-2.64159265358979,0.0791539451324866
2.05840734641021,0.80995063379602
-0.641592653589793,-1.50504460141619
-1.24159265358979,-0.682286043891448
