x,y
1.75840734641021,0.48192957263822
1.25840734641021,1.03394179086394
-2.94159265358979,-1.24837457101024
2.85840734641021,0.677900394487996
-0.041592653589793,-0.181416561572749
-1.54159265358979,-0.692657190635968
-0.541592653589793,-0.545597916204129
-1.34159265358979,-0.824474316747823
0.758407346410207,0.332601344439026
1.15840734641021,0.814041263401549
-2.74159265358979,-0.408878706185989
-0.941592653589793,0.0756448900411421
-1.14159265358979,-1.51776457977804
2.75840734641021,-0.341844281156639
2.05840734641021,0.338999155986008
-1.24159265358979,-1.49147774131693
0.458407346410207,0.387550302927965
-1.64159265358979,-0.455975173430193
-1.84159265358979,-0.420321149276488
-2.44159265358979,-0.337480724464595
