x,y
-0.441592653589793,0.0311821336609989
1.65840734641021,1.58986154613788
-2.84159265358979,-0.0300648803977831
-0.041592653589793,-0.692925226907297
-2.04159265358979,-1.13297763931025
-1.04159265358979,-1.13985610684577
2.55840734641021,0.431628973645992
2.75840734641021,0.895457375614256
-1.94159265358979,-0.373781227018684
-1.24159265358979,-1.63028049028715
-0.841592653589793,-0.751153381508558
-1.34159265358979,-0.834074506479526
0.458407346410207,-0.374171780347662
1.85840734641021,1.14570447326708
2.15840734641021,1.38730545957838
3.05840734641021,0.889249428719304
-0.341592653589793,-0.203831279371212
-1.74159265358979,-1.39532638634428
1.55840734641021,0.881218038090708
0.758407346410207,0.578713778593465
