x,y
1.35840734641021,0.80287499391805
1.45840734641021,0.696252217476477
1.55840734641021,0.446748015309481
-2.74159265358979,0.243572733343441
-2.94159265358979,0.140187444691887
0.358407346410207,0.728218458849728
-1.34159265358979,-0.926179767789011
-3.04159265358979,-0.28764991031716
-1.64159265358979,-1.07825966806522
-1.24159265358979,-0.98646194480348
2.15840734641021,1.08864122983907
1.95840734641021,1.02716629029452
1.75840734641021,0.920481110767887
-2.14159265358979,-0.273697287421332
-0.541592653589793,0.00885738884067322
0.958407346410207,0.116154481928667
-2.24159265358979,-1.53859723577212
-2.84159265358979,0.121968084371922
-2.44159265358979,-0.142794213150515
2.65840734641021,0.0484497122347107
