x,y
0.358407346410207,0.0349293095994658
-2.34159265358979,-0.232232516756558
0.758407346410207,1.44934859925015
-0.541592653589793,0.14920203705404
-2.94159265358979,-0.349597734918596
3.05840734641021,-0.179420413551636
-2.64159265358979,-0.284492814141757
0.658407346410207,1.1488476982746
0.158407346410207,0.563902868212134
0.958407346410207,0.716719273845466
-2.24159265358979,-1.88633874006296
1.55840734641021,1.34843592524302
-2.84159265358979,-0.68704898024897
2.65840734641021,0.733515738433044
2.75840734641021,0.665184971357365
-0.241592653589793,-0.48378942999425
0.0584073464102071,-0.738008404583005
-1.24159265358979,-0.705770522087665
-0.941592653589793,-0.825735323345384
1.65840734641021,0.609172323151009
