x,y
-3.04159265358979,0.733381484162119
2.25840734641021,1.05866875190862
0.958407346410207,-0.210918770268029
-0.941592653589793,-1.07208400645582
-1.94159265358979,-0.852375670558705
1.55840734641021,1.03061845930531
-0.541592653589793,-0.786297713515909
1.35840734641021,0.464927932057362
-2.04159265358979,-1.45736042462306
1.45840734641021,0.0261405172719487
-0.641592653589793,-0.732410702463471
2.85840734641021,-0.498419570076952
2.75840734641021,-0.080486667905409
-0.741592653589793,-1.01082632929774
-2.14159265358979,-1.87159083527915
-2.84159265358979,-0.25324350756853
0.0584073464102071,-0.18761748920223
0.558407346410207,0.38365414160391
0.858407346410207,-0.747102868112534
-2.54159265358979,-0.494654705087612
