x,y
1.55840734641021,0.62461325852478
-1.24159265358979,-1.86492578274995
-1.94159265358979,-1.06696718185739
-1.64159265358979,-0.320072697574744
-2.84159265358979,0.276904897236156
-0.941592653589793,-1.35763838254279
-2.34159265358979,-0.891858799508786
1.05840734641021,2.16507659044042
0.358407346410207,0.358839147480612
0.258407346410207,0.0741307907084109
0.958407346410207,0.825367972696692
2.75840734641021,0.498698001070625
1.45840734641021,1.92103633074992
-3.14159265358979,-0.345363901664347
2.45840734641021,0.701913582079464
-3.04159265358979,-0.132978126043261
1.95840734641021,1.64232864959584
2.85840734641021,-0.756199790241534
0.658407346410207,1.38132239177477
-2.94159265358979,0.457327549772568
