x,y
1.05840734641021,0.723742885189614
0.658407346410207,0.313942192434304
-2.24159265358979,-1.45141576831814
-2.54159265358979,-0.276028404894676
-1.84159265358979,-1.83446179952095
-1.04159265358979,-0.775681901678796
0.558407346410207,1.02512432898469
-0.141592653589793,0.129487854565154
-1.74159265358979,-0.0286237887733564
-0.941592653589793,-0.891663518622583
-1.24159265358979,-1.06752643017717
2.05840734641021,0.898938229839499
0.258407346410207,0.873234768236191
0.0584073464102071,0.238100604746842
-2.84159265358979,-0.225524326264634
2.55840734641021,0.928437635569403
-0.741592653589793,-1.11033944557804
2.65840734641021,0.0124399038022715
1.35840734641021,-0.00762998953867133
-2.74159265358979,-0.631563553203648
