x,y
-1.14159265358979,-1.64677845752303
0.558407346410207,0.228276065938684
-1.84159265358979,-1.7350964464841
2.75840734641021,1.46395257976709
1.65840734641021,0.745396480174419
-3.04159265358979,-0.144310242248719
-0.141592653589793,0.537341634839425
-2.34159265358979,-1.52237216273242
2.85840734641021,1.53289292418267
1.75840734641021,1.11604864427754
-2.44159265358979,-0.196386322054494
2.25840734641021,1.7087046806969
-2.74159265358979,-0.40002857794175
2.55840734641021,0.792912470900134
-0.541592653589793,-0.870256083938864
0.258407346410207,0.373107945536198
-1.94159265358979,-1.02191576230908
-0.441592653589793,0.414164328243412
1.35840734641021,1.99240832908975
0.358407346410207,0.0176946038719623
