x,y
-0.741592653589793,0.428901539952781
1.35840734641021,1.87462734227815
-0.141592653589793,-0.934755885908185
-3.04159265358979,-1.38375454202422
2.65840734641021,1.27838113119528
0.258407346410207,-0.490954186580655
-0.641592653589793,-1.08833653650725
3.05840734641021,0.865422511620026
0.558407346410207,1.6005790929983
2.55840734641021,0.701773700357966
1.85840734641021,1.8004295470126
-0.541592653589793,-0.591470513281759
0.758407346410207,0.34783596823584
-1.34159265358979,-1.22520063933981
0.658407346410207,0.67744543234704
-2.64159265358979,-0.145326877749601
0.358407346410207,0.843982102477585
-2.14159265358979,-1.07035507068848
0.958407346410207,0.957670303017297
-1.04159265358979,-0.73272244516713
