x,y
-1.44159265358979,-1.71887318621952
-1.64159265358979,-1.7518310202105
1.75840734641021,1.12150442698558
1.95840734641021,1.01925488002651
2.05840734641021,0.509073605772638
2.15840734641021,0.709885318637065
-0.741592653589793,-0.948234268337229
-2.44159265358979,-1.49580125864821
0.558407346410207,0.468008931798621
-1.54159265358979,-0.926817616411201
0.158407346410207,-0.282417315854967
-0.241592653589793,-0.268971458073122
-0.941592653589793,0.291302438025485
1.45840734641021,0.585902616163068
2.65840734641021,0.372336940025269
1.25840734641021,0.747821398337509
0.0584073464102071,0.884507190240556
-0.641592653589793,-0.548119729128159
-2.34159265358979,-0.496308188474374
2.25840734641021,0.124910011635822
