x,y
0.358407346410207,0.369129376742315
-1.04159265358979,-0.105752526816877
1.55840734641021,0.662487435351138
0.558407346410207,0.654876686400084
1.05840734641021,0.729311338210087
-1.14159265358979,-0.869874184286274
-2.84159265358979,-0.27118685120834
2.25840734641021,0.361927918345027
2.05840734641021,0.77167215540577
0.758407346410207,0.268920997464767
1.15840734641021,0.670479848627227
0.858407346410207,1.48239551555414
-2.74159265358979,-0.401666449541153
1.45840734641021,1.58937804067059
-2.24159265358979,-0.504780171609517
-1.54159265358979,-0.350286812982163
1.75840734641021,0.385512424520135
0.158407346410207,0.550302904587491
0.258407346410207,-0.682773773685287
-0.441592653589793,-0.732477551189299
