x,y
0.658407346410207,1.12841036720243
2.25840734641021,1.41470253306994
-2.04159265358979,-1.39098269077192
-1.94159265358979,-0.0938494316293661
1.95840734641021,1.56263311672019
-1.44159265358979,-0.679548172191375
2.35840734641021,1.43663882667765
2.15840734641021,-0.0512387847778031
2.05840734641021,1.49765154167604
2.55840734641021,-0.111835858650498
-2.34159265358979,-0.950329101516202
-0.141592653589793,-0.967901206895858
0.758407346410207,1.555297026547
-0.941592653589793,-0.69924430117885
1.85840734641021,1.34475156118862
0.858407346410207,0.451754383778496
-3.04159265358979,-0.212955828469188
-2.84159265358979,-0.971679091733172
0.458407346410207,0.369721177654903
-1.64159265358979,-1.17472778486216
