x,y
-1.14159265358979,-0.834174735231882
-0.941592653589793,-0.823803937254708
0.158407346410207,-0.00470633091377531
-2.44159265358979,-1.12286708117081
-2.54159265358979,-0.004610993896355
2.95840734641021,0.889488428936264
1.75840734641021,0.939021087652
-2.04159265358979,-1.04765540320398
3.05840734641021,0.128229039225681
-1.44159265358979,-1.70610865418063
2.35840734641021,0.822201235718731
0.658407346410207,0.598177825068068
2.55840734641021,0.702298193136416
-1.74159265358979,-0.418653951120367
-1.84159265358979,-0.604368720261768
-1.34159265358979,-0.610375742260521
-1.64159265358979,-1.02817048842698
-2.34159265358979,-0.352698124479927
-2.24159265358979,-1.3825342901191
-2.94159265358979,-1.02850168376199
