x,y
2.25840734641021,1.20658038228237
-2.84159265358979,0.317892984394451
-1.34159265358979,-0.579735435524265
-3.14159265358979,-0.259670575488599
0.158407346410207,0.331273549712741
0.758407346410207,1.48970921581769
2.45840734641021,0.0016495098542918
2.05840734641021,0.361995833021896
-2.04159265358979,-0.401745134576069
0.558407346410207,0.81161156092171
-2.54159265358979,-0.471675846277302
0.958407346410207,0.855760116949777
-2.14159265358979,-0.149045723045103
-2.74159265358979,-0.774145010387862
-1.24159265358979,-1.14169985533445
1.35840734641021,0.344675611112356
1.05840734641021,1.26211829116759
1.85840734641021,0.711240896394763
-0.941592653589793,-1.56433327301933
-2.34159265358979,-0.599443273225295
