x,y
-2.34159265358979,0.000555636588306707
1.35840734641021,1.08990454586336
-1.84159265358979,-1.71323777555889
0.358407346410207,0.304092895882592
-0.541592653589793,-0.454932360301134
1.55840734641021,0.807743612657888
-0.941592653589793,-1.33213201005381
-1.54159265358979,-0.227811373541433
-0.641592653589793,-0.104394082044749
0.758407346410207,1.39885341769483
1.65840734641021,1.21667272475944
-2.54159265358979,0.333523038143099
-1.74159265358979,-1.67353123188007
-1.34159265358979,-1.22132851935244
1.95840734641021,0.040513643549958
-0.141592653589793,-0.244541933093967
-1.04159265358979,-0.968896146183134
-3.04159265358979,-0.734425372498466
1.75840734641021,0.849296380068767
0.858407346410207,0.229325889703126
