x,y
-0.641592653589793,-0.319652140806069
2.15840734641021,0.816842067873625
-0.841592653589793,-0.591170093773132
-0.341592653589793,0.21810165439212
0.0584073464102071,0.352849640560409
1.75840734641021,0.285552415238256
-1.44159265358979,-1.08671722868279
-1.34159265358979,-1.85797031078557
-1.84159265358979,-1.20426280073857
0.358407346410207,-0.0883138006185891
1.65840734641021,0.865283238682754
-0.441592653589793,-0.781989236945465
2.35840734641021,0.845611780122885
-0.941592653589793,-0.232074164737319
-0.141592653589793,0.290895120508922
-2.14159265358979,-0.90465549228912
2.25840734641021,0.907888209739046
0.258407346410207,-0.194740704478321
0.158407346410207,1.46409835811604
-1.14159265358979,-0.48480779775316
