x,y
1.95840734641021,0.539824678810454
0.858407346410207,0.136932195703509
2.55840734641021,0.832204424121607
0.358407346410207,0.402853358015057
-3.04159265358979,-0.297615295264102
-0.441592653589793,-1.05583434093879
-2.04159265358979,-0.412810211974276
1.55840734641021,0.960659633514103
-1.04159265358979,-0.374213799044941
2.85840734641021,0.475132804652402
2.15840734641021,1.29377245052833
1.45840734641021,1.29033692659771
-0.541592653589793,-0.0808014855829501
-1.24159265358979,-0.664880965192104
1.75840734641021,0.981537241597228
-2.44159265358979,-0.311992733783871
0.458407346410207,1.11646451191223
2.35840734641021,0.464590174409871
2.45840734641021,0.863053630030503
-1.54159265358979,-0.465799362314264
