x,y
-0.041592653589793,-0.39659856240903
-0.441592653589793,-0.295271905638936
1.85840734641021,0.512416930705486
0.658407346410207,0.590867235923379
-1.54159265358979,-0.657712863365636
2.25840734641021,-0.0946438250377977
1.35840734641021,1.63327551606429
-3.14159265358979,-0.52025066598311
1.45840734641021,1.79139519326198
-0.341592653589793,-0.698142995956878
-1.84159265358979,-2.32217632981912
0.558407346410207,0.860840101095936
-0.541592653589793,-0.75574448795707
2.05840734641021,1.36581362359651
-1.94159265358979,-1.2496327437822
2.85840734641021,0.553570865944734
-2.74159265358979,-0.504267328039137
0.158407346410207,0.817007780028063
3.05840734641021,0.313867829221011
-1.04159265358979,-1.319558610729
